$ANSIBLE_VAULT;1.2;AES256;vault-qa
35396531383730383164313033336665656233343561623162346432623137356137336232326662
6631346230653162363136373563613937386132653663310a646563623834333731613431316138
33643333303633336161383561636639613162323062333433343164333630366438623431313562
3137626436376532650a383965363864363533393935356635623734323934336365303437613237
35646463313831366164316239396330363433633433663634636538303635373133663937393561
32383264393033356166623134636463383138646437626131313661636539616639316530626262
38386635613737656666613533343233656131373262386538343163626265386230653230663832
33333136343030613534346561636431306465653561616236363165353332393531663036306565
32643762306538303637653931666235373561653938653962626633326262346361316136303938
31643731323330626162303032333332656639643461636237653062333166626466303434373435
31646236366630363862656261383832623934623765363561356536306135353161363261663066
64363364353239313738343034313363373332396162333036636263376361323838666637383664
31346137643366346633333038356235663732353932393435616138366231623863
