$ANSIBLE_VAULT;1.1;AES256
61366237356236623461366132653234633766636438633833396434323738373664356136653462
6561323166656261306339336565313562613335333961390a383434323738663636643536653362
38363739656264343762336138613937386434393431616131313432376365303138306163643335
3630643365356563630a633466376131323562373466616566376165336365633066363763303666
63353337653336383039653034656362326565613339373830386634656235626361393035343364
65663338623731383464326131643830383631663961336635306232346234613961323762323362
32383139313138356662326661306436666235363761323136646464396434633531663865386363
31613166343136323666333131356631303032396338303233623664373331386562623365353165
64376637366336353335306133356432663837653465653931383538353233326331303832343739
64336336343561343431376361333237323538333637616235353262623139666138343261353135
32326237393365333364633238383239333937643438623230653039383538393561346436373233
33336530613332353161303430303639623561313032356264653763376330623561323766313332
34383366373265356238323361363235363165646632363933626266343337626264336161346635
34366632323734383135303165666433323037643831613435626539613464333030333339356639
32306363383233393138633166646338393930653138316131663535376439353637653865646132
37353533613363653565
